#voltage[V] current[uA] LCR_freq[Hz] CP D CPerror Derror 
9.5 0.0130 1000 2.33018E-11 7.06390E-2 2.62879E-14 1.38032E-3
9.5 0.0140 3162 2.32049E-11 6.99406E-3 1.61592E-13 6.50710E-3
9.5 0.0140 10000 2.30442E-11 1.20105E-2 3.00161E-14 2.12900E-3
9.5 0.0100 31623 2.29729E-11 1.31891E-2 1.88394E-14 5.19388E-4
9.5 0.0120 100000 2.26612E-11 3.15003E-2 3.20314E-15 1.27795E-4
9.5 0.0120 316228 2.27202E-11 6.71443E-2 1.68848E-14 6.95323E-4
9.5 0.0120 1E6 2.42132E-11 1.78457E-1 8.84998E-15 7.30481E-4
9.8 0.0130 1000 2.30218E-11 7.20992E-2 2.64165E-14 1.23391E-3
9.8 0.0150 3162 2.29807E-11 1.01590E-2 1.42377E-13 5.24670E-3
9.8 0.0140 10000 2.26943E-11 1.27495E-2 4.86833E-14 1.41783E-3
9.8 0.0150 31623 2.26835E-11 1.25067E-2 1.32167E-14 5.01365E-4
9.8 0.0130 100000 2.23785E-11 3.05060E-2 4.27440E-15 9.38590E-5
9.8 0.0120 316228 2.24391E-11 6.50984E-2 1.95265E-14 8.51913E-4
9.8 0.0120 1E6 2.39572E-11 1.72578E-1 9.37657E-15 3.70670E-4
10.2 0.0140 1000 2.27704E-11 7.30402E-2 2.76035E-14 1.13211E-3
10.2 0.0150 3162 2.27929E-11 1.04931E-2 9.29492E-14 6.68787E-3
10.1 0.0140 10000 2.23663E-11 1.29341E-2 2.48476E-14 1.06692E-3
10.1 0.0150 31623 2.24236E-11 1.26647E-2 1.17037E-14 3.21661E-4
10.1 0.0130 100000 2.21315E-11 3.01752E-2 2.00302E-15 9.76791E-5
10.1 0.0130 316228 2.21744E-11 6.56429E-2 1.98458E-14 6.68404E-4
10.1 0.0130 1E6 2.36832E-11 1.72619E-1 1.10616E-14 4.89356E-4
10.5 0.0130 1000 2.25346E-11 7.42514E-2 2.82466E-14 1.21530E-3
10.5 0.0130 3162 2.21841E-11 7.26124E-3 1.11262E-13 6.52471E-3
10.5 0.0140 10000 2.22734E-11 7.85790E-3 1.91483E-14 1.79711E-3
10.5 0.0130 31623 2.21605E-11 1.27083E-2 1.40494E-14 5.14359E-4
10.5 0.0140 100000 2.18406E-11 3.00805E-2 3.58783E-15 1.40241E-4
10.5 0.0140 316228 2.19226E-11 6.34827E-2 1.66366E-14 5.66117E-4
10.5 0.0140 1E6 2.34256E-11 1.67962E-1 8.71174E-15 3.85500E-4
10.8 0.0150 1000 2.22722E-11 7.57894E-2 2.98703E-14 1.06652E-3
10.8 0.0140 3162 2.23497E-11 2.16743E-2 2.27546E-14 5.72293E-3
10.8 0.0130 10000 2.18534E-11 6.25481E-3 1.17534E-14 5.99932E-4
10.8 0.0150 31623 2.19124E-11 1.27557E-2 7.89715E-15 4.71462E-4
10.8 0.0140 100000 2.16211E-11 2.94858E-2 3.39063E-15 9.44807E-5
10.8 0.0150 316228 2.16969E-11 6.35637E-2 1.85400E-14 5.83060E-4
10.8 0.0140 1E6 2.31805E-11 1.67101E-1 8.38806E-15 4.14005E-4
11.2 0.0140 1000 2.20230E-11 7.76153E-2 2.12876E-14 1.13013E-3
11.2 0.0150 3162 2.17227E-11 3.10257E-2 1.14177E-13 5.90825E-3
11.2 0.0170 10000 2.16239E-11 5.99347E-3 4.35009E-14 6.75764E-4
11.2 0.0140 31623 2.16324E-11 1.24841E-2 2.04330E-14 5.28391E-4
11.2 0.0150 100000 2.13493E-11 2.98200E-2 2.21317E-15 1.11558E-4
11.2 0.0140 316228 2.14220E-11 6.65709E-2 1.40130E-14 9.04790E-4
11.2 0.0150 1E6 2.28050E-11 1.79596E-1 1.59159E-14 5.35539E-4
11.6 0.0150 1000 2.17979E-11 7.91065E-2 2.42017E-14 1.18534E-3
11.6 0.0150 3162 2.17218E-11 8.89405E-3 1.03080E-13 5.66641E-3
11.6 0.0150 10000 2.13499E-11 6.32681E-3 3.10711E-14 1.04595E-3
11.6 0.0150 31623 2.13894E-11 1.26770E-2 1.37947E-14 4.57891E-4
11.6 0.0160 100000 2.11050E-11 2.99553E-2 2.64492E-15 1.13700E-4
11.6 0.0150 316228 2.11637E-11 6.48828E-2 1.63113E-14 9.49360E-4
11.6 0.0160 1E6 2.25879E-11 1.73607E-1 1.12668E-14 6.43074E-4
12.0 0.0160 1000 2.15476E-11 8.01709E-2 2.61215E-14 1.14498E-3
12.0 0.0160 3162 2.15479E-11 1.78720E-2 2.89478E-14 7.24859E-3
12.0 0.0170 10000 2.10760E-11 6.25691E-3 2.54511E-14 1.20527E-3
12.0 0.0150 31623 2.11267E-11 1.23023E-2 1.18137E-14 5.97062E-4
12.0 0.0150 100000 2.08438E-11 2.91427E-2 2.71634E-15 1.59386E-4
12.0 0.0150 316228 2.09243E-11 6.36798E-2 1.25285E-14 6.15224E-4
12.0 0.0170 1E6 2.23522E-11 1.67036E-1 5.08391E-15 5.94244E-4
12.4 0.0180 1000 2.13082E-11 8.14645E-2 2.60894E-14 1.31288E-3
12.4 0.0170 3162 2.12889E-11 1.58916E-2 4.52318E-14 6.55869E-3
12.4 0.0160 10000 2.07996E-11 9.25925E-3 2.47437E-14 2.56468E-3
12.3 0.0170 31623 2.08783E-11 1.19805E-2 8.07136E-15 4.75679E-4
12.4 0.0170 100000 2.06115E-11 2.79908E-2 1.72557E-15 1.36924E-4
12.3 0.0170 316228 2.07048E-11 6.07845E-2 1.97514E-14 6.03422E-4
12.4 0.0170 1E6 2.21357E-11 1.59962E-1 8.50488E-15 6.83495E-4
12.8 0.0160 1000 2.10635E-11 8.29687E-2 2.65913E-14 1.18508E-3
12.8 0.0180 3162 2.08120E-11 3.28298E-2 1.26277E-13 5.37587E-3
12.8 0.0160 10000 2.06441E-11 5.84384E-3 4.54695E-14 6.63440E-4
12.8 0.0190 31623 2.06116E-11 1.17196E-2 1.42017E-14 5.64711E-4
12.8 0.0180 100000 2.03526E-11 2.72660E-2 2.82462E-15 1.05355E-4
12.8 0.0180 316228 2.04361E-11 6.02710E-2 1.52118E-14 5.30672E-4
12.8 0.0170 1E6 2.18823E-11 1.56400E-1 9.81878E-15 7.23555E-4
13.2 0.0170 1000 2.08470E-11 8.42108E-2 2.45576E-14 1.19480E-3
13.2 0.0180 3162 2.03863E-11 1.26052E-2 9.15399E-14 5.65955E-3
13.2 0.0170 10000 2.04375E-11 1.42790E-2 2.06085E-14 1.19862E-3
13.2 0.0180 31623 2.03672E-11 1.11656E-2 6.10184E-15 8.79028E-4
13.2 0.0180 100000 2.01192E-11 2.64179E-2 2.17580E-15 8.56236E-5
13.2 0.0170 316228 2.02163E-11 5.99822E-2 1.34409E-14 4.45606E-4
13.2 0.0180 1E6 2.16224E-11 1.54291E-1 1.09798E-14 2.83731E-4
13.7 0.0180 1000 2.05793E-11 8.47508E-2 2.72434E-14 9.94213E-4
13.7 0.0170 3162 2.05783E-11 2.17726E-2 2.55946E-14 5.75133E-3
13.7 0.0170 10000 2.00596E-11 6.77581E-3 7.84408E-15 3.93492E-4
13.7 0.0150 31623 2.01102E-11 1.12664E-2 1.55344E-14 6.75013E-4
13.7 0.0170 100000 1.98744E-11 2.59896E-2 2.34113E-15 1.23856E-4
13.7 0.0180 316228 1.99561E-11 5.85728E-2 2.08131E-14 7.95529E-4
13.7 0.0180 1E6 2.13818E-11 1.50455E-1 1.04328E-14 5.43597E-4
14.1 0.0180 1000 2.03517E-11 8.69556E-2 9.78348E-15 1.32243E-3
14.1 0.0190 3162 2.00781E-11 9.69224E-3 3.99416E-14 4.70418E-3
14.1 0.0180 10000 1.98078E-11 9.52040E-3 1.06817E-14 2.41197E-3
14.1 0.0200 31623 1.98785E-11 1.16867E-2 9.04277E-15 6.56239E-4
14.1 0.0190 100000 1.96379E-11 2.58196E-2 2.44753E-15 1.07010E-4
14.1 0.0200 316228 1.97380E-11 5.80002E-2 1.07499E-14 6.66659E-4
14.1 0.0190 1E6 2.11416E-11 1.48498E-1 7.33567E-15 6.00765E-4
14.6 0.0200 1000 2.01524E-11 8.92051E-2 2.59513E-14 1.33635E-3
14.6 0.0180 3162 1.97705E-11 1.20516E-2 1.24309E-13 5.95764E-3
14.6 0.0200 10000 1.97181E-11 8.23932E-3 2.74327E-14 1.70395E-3
14.6 0.0190 31623 1.96367E-11 1.13215E-2 1.51156E-14 5.97961E-4
14.6 0.0190 100000 1.93902E-11 2.54036E-2 2.53142E-15 1.11848E-4
14.6 0.0190 316228 1.94801E-11 5.69846E-2 2.22291E-14 7.50121E-4
14.6 0.0200 1E6 2.08969E-11 1.45083E-1 1.27594E-14 3.46915E-4
15.1 0.0200 1000 1.99334E-11 9.01113E-2 2.00634E-14 1.39515E-3
15.1 0.0210 3162 1.98600E-11 2.10897E-2 2.05578E-14 8.81099E-3
15.1 0.0200 10000 1.94724E-11 7.39373E-3 2.99465E-14 1.07016E-3
15.1 0.0200 31623 1.93979E-11 1.16102E-2 1.08942E-14 4.89267E-4
15.1 0.0200 100000 1.91496E-11 2.54851E-2 2.40185E-15 1.11322E-4
15.1 0.0200 316228 1.92459E-11 5.51740E-2 1.44149E-14 9.29998E-4
15.1 0.0200 1E6 2.06552E-11 1.43166E-1 1.07529E-14 4.92491E-4
15.6 0.0200 1000 1.97318E-11 9.15591E-2 2.56133E-14 1.41049E-3
15.6 0.0200 3162 1.95018E-11 1.26453E-2 9.35712E-14 4.85067E-3
15.6 0.0210 10000 1.92644E-11 1.02815E-2 1.92422E-14 2.38153E-3
15.6 0.0200 31623 1.91589E-11 1.12206E-2 9.49391E-15 4.38519E-4
15.6 0.0180 100000 1.89234E-11 2.52905E-2 2.59131E-15 1.49537E-4
15.6 0.0210 316228 1.90162E-11 5.67115E-2 1.97022E-14 1.13136E-3
15.6 0.0220 1E6 2.03902E-11 1.46474E-1 6.81762E-15 4.21901E-4
16.1 0.0220 1000 1.95163E-11 9.17393E-2 2.41993E-14 1.02981E-3
16.1 0.0190 3162 1.91162E-11 4.13304E-2 9.46458E-14 3.97049E-3
16.1 0.0210 10000 1.90149E-11 1.43622E-2 3.66018E-14 2.27636E-3
16.1 0.0200 31623 1.89288E-11 1.15395E-2 1.17879E-14 5.29121E-4
16.1 0.0220 100000 1.86850E-11 2.59619E-2 2.11965E-15 9.25510E-5
16.1 0.0210 316228 1.87868E-11 5.88812E-2 1.11388E-14 5.35201E-4
16.1 0.0200 1E6 2.00887E-11 1.55541E-1 9.18068E-15 5.93963E-4
16.7 0.0210 1000 1.93093E-11 9.33016E-2 1.46201E-14 1.46281E-3
16.7 0.0220 3162 1.88518E-11 3.52026E-2 6.97700E-14 5.52193E-3
16.7 0.0210 10000 1.87597E-11 6.84877E-3 1.93892E-14 1.18215E-3
16.6 0.0200 31623 1.86927E-11 1.10975E-2 7.08164E-15 6.20209E-4
16.7 0.0200 100000 1.84626E-11 2.42976E-2 2.08923E-15 1.52004E-4
16.7 0.0210 316228 1.85622E-11 5.21077E-2 1.29087E-14 8.22116E-4
16.7 0.0210 1E6 1.99655E-11 1.31497E-1 8.42312E-15 5.25281E-4
17.2 0.0210 1000 1.90412E-11 9.44542E-2 6.28068E-15 5.69287E-4
17.2 0.0230 3162 1.87431E-11 1.04503E-2 4.29368E-14 5.32556E-3
17.2 0.0230 10000 1.84020E-11 7.24715E-3 1.51144E-14 1.17264E-3
17.2 0.0210 31623 1.84652E-11 1.08063E-2 1.15131E-14 5.97380E-4
17.2 0.0230 100000 1.82236E-11 2.37900E-2 1.28876E-15 2.27327E-4
17.2 0.0210 316228 1.83302E-11 5.13554E-2 1.57902E-14 8.16899E-4
17.2 0.0220 1E6 1.97102E-11 1.32289E-1 7.60931E-15 6.26244E-4
17.8 0.0220 1000 1.88825E-11 9.63034E-2 3.54647E-14 1.73666E-3
17.8 0.0210 3162 1.86820E-11 2.05960E-2 4.66719E-14 9.77981E-3
17.8 0.0230 10000 1.82113E-11 1.53268E-2 4.30065E-14 1.93076E-3
17.8 0.0230 31623 1.82466E-11 1.11787E-2 8.93907E-15 8.45309E-4
17.8 0.0240 100000 1.80235E-11 2.39707E-2 2.74292E-15 1.42897E-4
17.8 0.0220 316228 1.81218E-11 5.24773E-2 1.80054E-14 7.40040E-4
17.8 0.0220 1E6 1.94666E-11 1.36814E-1 7.67560E-15 4.28480E-4
18.4 0.0240 1000 1.86617E-11 9.66698E-2 3.30170E-14 1.78044E-3
18.4 0.0230 3162 1.83189E-11 4.03748E-2 7.69689E-14 7.36030E-3
18.4 0.0240 10000 1.80404E-11 6.83202E-3 2.18372E-14 1.35518E-3
18.4 0.0220 31623 1.80137E-11 1.05622E-2 1.08558E-14 6.19712E-4
18.4 0.0230 100000 1.77963E-11 2.33577E-2 2.06843E-15 1.18042E-4
18.4 0.0220 316228 1.79110E-11 5.25403E-2 1.92857E-14 6.86135E-4
18.4 0.0240 1E6 1.92141E-11 1.36632E-1 7.59410E-15 3.78874E-4
19.0 0.0230 1000 1.84574E-11 9.61427E-2 1.35783E-14 3.58940E-4
19.0 0.0240 3162 1.81054E-11 1.29286E-2 4.82631E-14 4.93497E-3
19.0 0.0230 10000 1.78145E-11 1.71929E-2 2.28272E-14 1.37960E-3
19.0 0.0220 31623 1.78005E-11 1.05536E-2 1.29588E-14 7.91022E-4
19.0 0.0240 100000 1.75774E-11 2.31892E-2 2.02487E-15 1.37317E-4
19.0 0.0230 316228 1.76885E-11 5.25753E-2 1.23777E-14 8.03039E-4
19.0 0.0230 1E6 1.89831E-11 1.35585E-1 7.46539E-15 4.15636E-4
19.7 0.0250 1000 1.82521E-11 1.00067E-1 2.97642E-14 1.73863E-3
19.7 0.0220 3162 1.80479E-11 2.88032E-2 2.30830E-14 6.83876E-3
19.7 0.0250 10000 1.75919E-11 6.79741E-3 1.99664E-14 1.51266E-3
19.7 0.0220 31623 1.75720E-11 1.08311E-2 1.11113E-14 6.83844E-4
19.7 0.0230 100000 1.73583E-11 2.33544E-2 1.88733E-15 1.19000E-4
19.7 0.0250 316228 1.74635E-11 5.19197E-2 2.06142E-14 1.11370E-3
19.7 0.0240 1E6 1.87415E-11 1.35604E-1 9.92446E-15 4.13343E-4
20.3 0.0240 1000 1.80713E-11 1.00111E-1 3.60669E-14 1.98802E-3
20.3 0.0250 3162 1.78312E-11 3.11453E-2 2.67447E-14 6.07922E-3
20.3 0.0260 10000 1.74656E-11 1.22298E-2 1.47740E-14 1.13846E-3
20.3 0.0240 31623 1.73540E-11 1.10324E-2 1.29869E-14 7.40800E-4
20.3 0.0240 100000 1.71331E-11 2.35115E-2 2.94009E-15 1.15203E-4
20.3 0.0250 316228 1.72447E-11 5.22803E-2 1.96505E-14 1.36946E-3
20.3 0.0260 1E6 1.85037E-11 1.36200E-1 9.40934E-15 4.03543E-4
21.0 0.0260 1000 1.78518E-11 1.01143E-1 2.14352E-14 1.94443E-3
21.0 0.0240 3162 1.73310E-11 1.54257E-2 3.35941E-14 5.61366E-3
21.0 0.0250 10000 1.70644E-11 1.22517E-2 1.29252E-14 1.13862E-3
21.0 0.0280 31623 1.71425E-11 1.10775E-2 1.05934E-14 8.40183E-4
21.0 0.0260 100000 1.69245E-11 2.36696E-2 2.42942E-15 1.10731E-4
21.0 0.0250 316228 1.70353E-11 5.32656E-2 1.65201E-14 9.13731E-4
21.0 0.0260 1E6 1.82698E-11 1.36837E-1 7.78457E-15 4.00402E-4
21.7 0.0240 1000 1.76734E-11 1.04799E-1 7.31174E-15 9.78783E-5
21.7 0.0250 3162 1.73968E-11 3.30297E-2 2.89736E-14 6.69621E-3
21.7 0.0250 10000 1.68837E-11 1.65412E-2 4.70040E-14 1.97991E-3
21.7 0.0270 31623 1.69279E-11 1.13758E-2 1.21107E-14 5.74484E-4
21.7 0.0250 100000 1.67021E-11 2.33136E-2 2.28298E-15 1.06385E-4
21.7 0.0270 316228 1.68153E-11 4.94566E-2 2.19262E-14 8.12913E-4
21.7 0.0280 1E6 1.80879E-11 1.26542E-1 1.04545E-14 5.79633E-4
22.4 0.0270 1000 1.74977E-11 1.02518E-1 3.61856E-14 2.05000E-3
22.4 0.0260 3162 1.71878E-11 2.36926E-2 2.40815E-14 7.49252E-3
22.4 0.0290 10000 1.66563E-11 1.43965E-2 2.16581E-14 2.56653E-3
22.4 0.0270 31623 1.67227E-11 1.10947E-2 1.24531E-14 3.75379E-4
22.4 0.0270 100000 1.64990E-11 2.23261E-2 3.63771E-15 7.61016E-5
22.4 0.0270 316228 1.66067E-11 4.85105E-2 1.20288E-14 1.04838E-3
22.5 0.0270 1E6 1.78742E-11 1.22826E-1 9.00683E-15 3.93149E-4
23.2 0.0280 1000 1.73189E-11 1.04034E-1 2.85709E-14 1.89252E-3
23.2 0.0270 3162 1.64887E-11 2.38724E-2 5.48461E-14 1.04748E-2
23.2 0.0270 10000 1.66120E-11 1.41223E-2 2.40607E-14 1.79569E-3
23.2 0.0280 31623 1.65162E-11 1.07004E-2 7.52426E-15 6.59934E-4
23.2 0.0260 100000 1.62988E-11 2.20345E-2 3.05616E-15 1.49192E-4
23.2 0.0260 316228 1.64094E-11 4.68560E-2 1.46284E-14 1.07631E-3
23.2 0.0260 1E6 1.76642E-11 1.20307E-1 6.08904E-15 4.10646E-4
23.9 0.0290 1000 1.71431E-11 1.05656E-1 3.20630E-14 1.83528E-3
24.0 0.0290 3162 1.65355E-11 4.56523E-2 1.25982E-13 7.14434E-3
24.0 0.0270 10000 1.63106E-11 7.66708E-3 4.44586E-14 1.36588E-3
24.0 0.0280 31623 1.63114E-11 1.08691E-2 1.09686E-14 9.09479E-4
23.9 0.0260 100000 1.64319E-11 2.50023E-2 2.69164E-15 1.21330E-4
23.9 0.0270 316228 1.62027E-11 4.54466E-2 1.79000E-14 8.57400E-4
24.0 0.0280 1E6 1.74556E-11 1.18236E-1 8.76350E-15 4.22037E-4
24.8 0.0310 1000 1.69611E-11 1.05294E-1 3.35964E-14 1.93542E-3
24.7 0.0300 3162 1.60941E-11 3.93065E-2 5.23004E-14 7.79200E-3
24.8 0.0290 10000 1.61440E-11 8.48653E-3 2.20958E-14 1.58586E-3
24.8 0.0290 31623 1.61092E-11 1.08564E-2 1.02911E-14 6.44260E-4
24.7 0.0290 100000 1.62281E-11 2.49395E-2 2.53063E-15 1.25522E-4
24.8 0.0290 316228 1.60164E-11 4.63930E-2 7.86641E-15 1.01995E-3
24.8 0.0290 1E6 1.72276E-11 1.20626E-1 9.41775E-15 3.35168E-4
25.6 0.0270 1000 1.67408E-11 1.05077E-1 6.17900E-15 3.33098E-4
25.6 0.0290 3162 1.63127E-11 4.52786E-2 1.49787E-14 8.58962E-3
25.6 0.0310 10000 1.59903E-11 1.70326E-2 2.09865E-14 1.48527E-3
25.6 0.0280 31623 1.59072E-11 1.11489E-2 1.56230E-14 6.23642E-4
25.6 0.0300 100000 1.60295E-11 2.48856E-2 3.24440E-15 1.44547E-4
25.6 0.0300 316228 1.58210E-11 4.74573E-2 1.54861E-14 9.22722E-4
25.6 0.0290 1E6 1.69998E-11 1.23802E-1 6.32025E-15 4.02806E-4
26.4 0.0310 1000 1.66059E-11 1.07528E-1 2.98910E-14 2.12534E-3
26.4 0.0310 3162 1.57306E-11 4.24015E-2 6.64406E-14 7.98996E-3
26.4 0.0310 10000 1.58038E-11 1.05644E-2 2.53308E-14 2.28349E-3
26.4 0.0300 31623 1.57062E-11 1.06037E-2 1.97419E-14 6.50405E-4
26.4 0.0310 100000 1.58311E-11 2.49603E-2 2.00898E-15 9.16863E-5
26.4 0.0300 316228 1.56206E-11 4.79766E-2 1.86441E-14 1.44032E-3
26.5 0.0310 1E6 1.67767E-11 1.24214E-1 7.21942E-15 6.04855E-4
27.3 0.0310 1000 1.63855E-11 1.06603E-1 5.29470E-14 2.69807E-3
27.3 0.0320 3162 1.57472E-11 1.98985E-2 1.26935E-13 6.29750E-3
27.3 0.0310 10000 1.55245E-11 1.94901E-2 4.33877E-14 1.51496E-3
27.3 0.0310 31623 1.55108E-11 1.09210E-2 1.25421E-14 6.31335E-4
27.3 0.0310 100000 1.56293E-11 2.49177E-2 1.88319E-15 1.73575E-4
27.4 0.0310 316228 1.54212E-11 4.73543E-2 1.53100E-14 8.87792E-4
27.3 0.0310 1E6 1.65545E-11 1.26566E-1 6.45957E-15 3.72654E-4
28.3 0.0310 1000 1.62522E-11 1.08512E-1 3.46320E-14 1.96235E-3
28.3 0.0310 3162 1.53443E-11 4.51592E-2 7.16578E-14 9.41018E-3
28.3 0.0330 10000 1.54178E-11 1.27999E-2 2.21844E-14 2.59736E-3
28.3 0.0300 31623 1.53191E-11 1.18461E-2 1.10972E-14 9.79075E-4
28.3 0.0340 100000 1.54310E-11 2.55698E-2 2.19228E-15 1.55143E-4
28.3 0.0310 316228 1.52249E-11 5.01853E-2 1.40474E-14 9.34181E-4
28.3 0.0340 1E6 1.63123E-11 1.35445E-1 8.95806E-15 1.04486E-3
29.2 0.0340 1000 1.60939E-11 1.09196E-1 3.50172E-14 2.05462E-3
29.2 0.0320 3162 1.54342E-11 5.31219E-2 9.70625E-14 6.99593E-3
29.2 0.0320 10000 1.50665E-11 1.23351E-2 2.46430E-14 2.62160E-3
29.2 0.0340 31623 1.51331E-11 1.15445E-2 9.52398E-15 7.75724E-4
29.2 0.0330 100000 1.52425E-11 2.60903E-2 2.54089E-15 1.74006E-4
29.2 0.0320 316228 1.50344E-11 5.15611E-2 1.00440E-14 5.98698E-4
29.2 0.0330 1E6 1.60944E-11 1.39578E-1 7.16526E-15 5.75779E-4
30.2 0.0340 1000 1.59213E-11 1.09178E-1 3.54791E-14 1.95290E-3
30.2 0.0330 3162 1.51151E-11 2.13252E-2 1.45968E-13 1.00080E-2
30.2 0.0330 10000 1.50271E-11 1.41849E-2 2.58567E-14 3.82262E-3
30.2 0.0340 31623 1.49375E-11 1.14448E-2 1.08776E-14 9.49456E-4
30.2 0.0350 100000 1.50464E-11 2.64072E-2 2.13832E-15 1.11638E-4
30.2 0.0320 316228 1.48512E-11 5.19127E-2 1.09291E-14 7.60799E-4
30.2 0.0320 1E6 1.58793E-11 1.42016E-1 1.27539E-14 5.93165E-4
31.2 0.0340 1000 1.57493E-11 1.09585E-1 3.61077E-14 2.57384E-3
31.2 0.0350 3162 1.49341E-11 2.29796E-2 1.37196E-13 8.77595E-3
31.2 0.0350 10000 1.48303E-11 1.30986E-2 2.61103E-14 3.20733E-3
31.2 0.0340 31623 1.47533E-11 1.21326E-2 8.60270E-15 9.16976E-4
31.2 0.0330 100000 1.48628E-11 2.66366E-2 2.00050E-15 1.54814E-4
31.2 0.0330 316228 1.46573E-11 5.25665E-2 1.48282E-14 1.40893E-3
31.2 0.0330 1E6 1.56679E-11 1.44223E-1 9.28732E-15 5.33393E-4
32.3 0.0360 1000 1.55906E-11 1.09047E-1 3.42991E-14 2.24803E-3
32.3 0.0340 3162 1.50129E-11 4.39298E-2 8.70954E-14 1.03277E-2
32.3 0.0360 10000 1.45157E-11 1.61882E-2 2.89099E-14 3.60263E-3
32.3 0.0340 31623 1.45613E-11 1.16577E-2 1.47165E-14 8.03737E-4
32.3 0.0350 100000 1.46680E-11 2.67091E-2 1.32529E-15 9.92940E-5
32.3 0.0360 316228 1.44713E-11 5.29965E-2 1.04487E-14 8.01020E-4
32.3 0.0360 1E6 1.54625E-11 1.44855E-1 1.02142E-14 6.56414E-4
33.3 0.0370 1000 1.53613E-11 1.06900E-1 4.76601E-14 2.47382E-3
33.3 0.0350 3162 1.45299E-11 4.98909E-2 1.55256E-13 9.19102E-3
33.3 0.0360 10000 1.43471E-11 1.33339E-2 4.03155E-14 3.60316E-3
33.3 0.0340 31623 1.43905E-11 1.14640E-2 1.11304E-14 1.20543E-3
33.3 0.0370 100000 1.44879E-11 2.64106E-2 2.44532E-15 1.11456E-4
33.3 0.0350 316228 1.42879E-11 5.18481E-2 1.17788E-14 1.23589E-3
33.3 0.0350 1E6 1.52736E-11 1.43289E-1 1.14671E-14 4.69941E-4
34.4 0.0360 1000 1.52795E-11 1.09852E-1 3.54334E-14 2.09784E-3
34.4 0.0380 3162 1.43586E-11 4.69622E-2 1.54497E-13 1.37231E-2
34.4 0.0360 10000 1.41884E-11 1.60478E-2 5.64364E-14 5.25528E-3
34.4 0.0360 31623 1.42109E-11 1.19596E-2 1.47756E-14 6.91759E-4
34.4 0.0360 100000 1.43012E-11 2.65345E-2 2.10656E-15 1.93287E-4
34.4 0.0390 316228 1.41025E-11 5.16656E-2 1.04919E-14 1.52601E-3
34.5 0.0370 1E6 1.50886E-11 1.41539E-1 6.41931E-15 4.23097E-4
35.6 0.0380 1000 1.51129E-11 1.09578E-1 2.80831E-14 2.37149E-3
35.6 0.0380 3162 1.43293E-11 2.83450E-2 2.09167E-13 1.14324E-2
35.6 0.0350 10000 1.40246E-11 1.26117E-2 6.87746E-14 2.95049E-3
35.6 0.0390 31623 1.40229E-11 1.16178E-2 1.05388E-14 1.27785E-3
35.6 0.0380 100000 1.41203E-11 2.62066E-2 1.51208E-15 1.52449E-4
35.6 0.0380 316228 1.39272E-11 5.05258E-2 1.49800E-14 1.11042E-3
35.6 0.0370 1E6 1.48981E-11 1.39647E-1 6.44938E-15 5.74000E-4
36.8 0.0380 1000 1.49110E-11 1.08377E-1 3.91132E-14 1.85182E-3
36.8 0.0380 3162 1.40654E-11 2.66672E-2 1.66467E-13 7.70209E-3
36.8 0.0380 10000 1.38603E-11 1.27467E-2 6.64977E-14 2.71348E-3
36.8 0.0380 31623 1.38515E-11 1.18919E-2 1.50801E-14 9.74618E-4
36.8 0.0380 100000 1.39488E-11 2.63389E-2 1.62185E-15 9.48644E-5
36.8 0.0390 316228 1.37535E-11 5.15244E-2 1.64178E-14 9.50308E-4
36.8 0.0380 1E6 1.47120E-11 1.41410E-1 9.35404E-15 6.05488E-4
38.1 0.0390 1000 1.47976E-11 1.09759E-1 2.94623E-14 2.10784E-3
38.1 0.0390 3162 1.38693E-11 5.28887E-2 1.67379E-13 8.85267E-3
38.1 0.0390 10000 1.36898E-11 1.26383E-2 6.74529E-14 2.52778E-3
38.1 0.0390 31623 1.36803E-11 1.16434E-2 8.25850E-15 5.03318E-4
38.1 0.0390 100000 1.37709E-11 2.53584E-2 1.04599E-15 1.89787E-4
38.1 0.0400 316228 1.35968E-11 4.90028E-2 1.23980E-14 1.08713E-3
38.1 0.0400 1E6 1.45524E-11 1.31614E-1 7.56617E-15 3.56642E-4
39.3 0.0400 1000 1.46358E-11 1.09047E-1 2.96904E-14 1.95073E-3
39.3 0.0410 3162 1.40531E-11 3.47352E-2 4.32982E-14 7.31010E-3
39.3 0.0390 10000 1.34487E-11 1.59379E-2 2.24863E-14 3.06264E-3
39.3 0.0400 31623 1.35137E-11 1.14328E-2 9.94527E-15 7.88300E-4
39.3 0.0390 100000 1.35995E-11 2.48925E-2 2.01000E-15 1.53846E-4
39.3 0.0410 316228 1.34177E-11 4.67551E-2 1.43337E-14 1.22765E-3
39.3 0.0410 1E6 1.43891E-11 1.25099E-1 8.43516E-15 8.06422E-4
40.6 0.0400 1000 1.45623E-11 1.10129E-1 3.01426E-14 1.96385E-3
40.6 0.0420 3162 1.38596E-11 3.21933E-2 6.60265E-14 1.00267E-2
40.6 0.0420 10000 1.32806E-11 1.78088E-2 2.26000E-14 3.33245E-3
40.7 0.0430 31623 1.33423E-11 1.18944E-2 1.31408E-14 5.08651E-4
40.7 0.0410 100000 1.34289E-11 2.45896E-2 1.58063E-15 1.27727E-4
40.6 0.0410 316228 1.32529E-11 4.59833E-2 2.07226E-14 7.55242E-4
40.6 0.0400 1E6 1.42056E-11 1.23826E-1 7.42108E-15 6.50689E-4
42.0 0.0420 1000 1.44052E-11 1.09861E-1 3.00507E-14 1.96383E-3
42.0 0.0410 3162 1.35282E-11 6.89634E-2 6.82736E-14 5.17639E-3
42.0 0.0410 10000 1.31801E-11 1.27192E-2 2.78076E-14 2.10371E-3
42.0 0.0430 31623 1.31751E-11 1.24912E-2 8.40871E-15 1.00840E-3
42.0 0.0410 100000 1.32602E-11 2.45051E-2 1.90948E-15 1.31722E-4
42.0 0.0440 316228 1.30910E-11 4.54684E-2 1.68802E-14 1.60653E-3
42.0 0.0430 1E6 1.40243E-11 1.22536E-1 6.70612E-15 6.69054E-4
43.4 0.0410 1000 1.41793E-11 1.09164E-1 2.71946E-14 1.49493E-3
43.4 0.0420 3162 1.32197E-11 2.63593E-2 1.05581E-13 9.09953E-3
43.4 0.0400 10000 1.30750E-11 2.16697E-2 3.85386E-14 2.87956E-3
43.4 0.0430 31623 1.30093E-11 1.15720E-2 1.35953E-14 6.44769E-4
43.4 0.0430 100000 1.30928E-11 2.44882E-2 1.73208E-15 1.19408E-4
43.4 0.0420 316228 1.29228E-11 4.56690E-2 1.01073E-14 1.34304E-3
43.4 0.0430 1E6 1.38553E-11 1.23226E-1 8.34853E-15 6.11874E-4
44.9 0.0450 1000 1.40264E-11 1.08979E-1 2.23691E-14 1.90040E-3
44.9 0.0440 3162 1.34113E-11 3.37051E-2 3.62234E-14 8.12276E-3
44.9 0.0450 10000 1.28982E-11 1.32810E-2 1.84770E-14 1.57779E-3
44.9 0.0450 31623 1.28455E-11 1.29950E-2 1.29038E-14 1.13893E-3
44.9 0.0450 100000 1.29268E-11 2.54152E-2 2.61780E-15 1.74515E-4
44.9 0.0420 316228 1.27585E-11 4.94951E-2 1.51880E-14 1.34824E-3
44.9 0.0440 1E6 1.36391E-11 1.34068E-1 8.83663E-15 7.46370E-4
46.4 0.0430 1000 1.39421E-11 1.08507E-1 2.45537E-14 1.89505E-3
46.4 0.0450 3162 1.32274E-11 3.30089E-2 2.62811E-14 7.52216E-3
46.4 0.0450 10000 1.26361E-11 2.31191E-2 1.65763E-14 1.93849E-3
46.4 0.0460 31623 1.26942E-11 1.23665E-2 1.51591E-14 1.21850E-3
46.4 0.0440 100000 1.27608E-11 2.51533E-2 2.46351E-15 1.74623E-4
46.4 0.0470 316228 1.25926E-11 4.71815E-2 1.36793E-14 1.02810E-3
46.4 0.0450 1E6 1.34730E-11 1.29190E-1 6.93761E-15 6.11282E-4
47.9 0.0450 1000 1.37275E-11 1.07517E-1 3.24396E-14 2.25326E-3
47.9 0.0450 3162 1.28735E-11 6.50128E-2 1.76412E-13 8.78491E-3
47.9 0.0460 10000 1.25269E-11 1.81611E-2 5.86433E-14 4.54631E-3
47.9 0.0470 31623 1.25314E-11 1.21977E-2 7.54931E-15 1.00062E-3
47.9 0.0460 100000 1.26004E-11 2.47083E-2 2.05514E-15 1.69644E-4
47.9 0.0480 316228 1.24324E-11 4.59496E-2 1.52037E-14 1.32415E-3
47.9 0.0460 1E6 1.33193E-11 1.24275E-1 1.06614E-14 4.38953E-4
49.6 0.0460 1000 1.35621E-11 1.06808E-1 1.83530E-14 2.72472E-3
49.6 0.0480 3162 1.28079E-11 5.86219E-2 2.07365E-13 1.20433E-2
49.6 0.0480 10000 1.23680E-11 1.97484E-2 5.92360E-14 4.85936E-3
49.6 0.0460 31623 1.23693E-11 1.22859E-2 1.67437E-14 1.29521E-3
49.6 0.0470 100000 1.24424E-11 2.43993E-2 1.19084E-15 1.17513E-4
49.5 0.0470 316228 1.22804E-11 4.56634E-2 1.31985E-14 1.52079E-3
49.6 0.0460 1E6 1.31517E-11 1.22497E-1 7.01427E-15 4.69913E-4
51.2 0.0530 1000 1.34754E-11 1.06505E-1 2.10195E-14 2.69254E-3
51.2 0.0490 3162 1.27384E-11 4.82334E-2 1.24261E-13 1.44476E-2
51.2 0.0480 10000 1.22443E-11 2.28378E-2 7.64131E-14 4.23210E-3
51.2 0.0490 31623 1.22109E-11 1.29397E-2 1.05199E-14 6.53513E-4
51.2 0.0460 100000 1.22850E-11 2.43785E-2 2.27167E-15 1.40926E-4
51.2 0.0470 316228 1.21236E-11 4.48972E-2 1.21085E-14 1.00911E-3
51.2 0.0480 1E6 1.59640E-11 1.46083E-1 3.22174E-15 3.40663E-4
52.9 0.0490 1000 1.33227E-11 1.06168E-1 2.87437E-14 2.42228E-3
52.9 0.0480 3162 1.23600E-11 4.41904E-2 1.71105E-13 1.43385E-2
52.9 0.0490 10000 1.20969E-11 2.13850E-2 7.61949E-14 4.82584E-3
52.9 0.0480 31623 1.20601E-11 1.30782E-2 1.35903E-14 1.05377E-3
52.9 0.0490 100000 1.21321E-11 2.50157E-2 1.70763E-15 1.95588E-4
52.9 0.0480 316228 1.19714E-11 4.74573E-2 1.80772E-14 1.51800E-3
52.9 0.0490 1E6 1.57454E-11 1.50668E-1 1.80765E-15 4.20024E-4
54.7 0.0490 1000 1.31662E-11 1.05756E-1 2.97673E-14 3.11669E-3
54.7 0.0480 3162 1.21780E-11 4.75560E-2 1.55354E-13 1.41973E-2
54.7 0.0500 10000 1.19382E-11 2.35550E-2 8.21301E-14 4.32338E-3
54.7 0.0500 31623 1.19131E-11 1.30024E-2 1.27025E-14 1.08129E-3
54.7 0.0480 100000 1.19785E-11 2.49645E-2 2.30443E-15 1.57920E-4
54.7 0.0520 316228 1.18188E-11 4.63277E-2 9.21507E-15 1.03695E-3
54.7 0.0480 1E6 1.55589E-11 1.47847E-1 2.35576E-15 3.25599E-4
56.6 0.0530 1000 1.30185E-11 1.04145E-1 2.83701E-14 2.74491E-3
56.6 0.0500 3162 1.22097E-11 5.52170E-2 1.81907E-13 1.89074E-2
56.6 0.0510 10000 1.17945E-11 2.11874E-2 5.82104E-14 5.03816E-3
56.6 0.0490 31623 1.17619E-11 1.20605E-2 1.11154E-14 1.11107E-3
56.6 0.0500 100000 1.18280E-11 2.43782E-2 2.89282E-15 2.52801E-4
56.6 0.0500 316228 1.16750E-11 4.44544E-2 1.77335E-14 1.72382E-3
56.6 0.0520 1E6 1.53836E-11 1.40410E-1 5.18633E-15 3.11256E-4
58.4 0.0500 1000 1.28759E-11 1.04683E-1 5.10523E-14 2.92299E-3
58.5 0.0500 3162 1.20005E-11 4.59147E-2 2.17198E-13 1.41392E-2
58.4 0.0520 10000 1.16500E-11 2.02487E-2 6.48488E-14 4.50984E-3
58.5 0.0510 31623 1.16132E-11 1.23164E-2 1.71260E-14 1.19267E-3
58.5 0.0530 100000 1.16792E-11 2.30828E-2 2.49682E-15 1.91659E-4
58.5 0.0520 316228 1.15417E-11 3.97436E-2 9.21239E-15 1.43514E-3
58.5 0.0510 1E6 1.52429E-11 1.26122E-1 3.75059E-15 2.83041E-4
60.4 0.0520 1000 1.26894E-11 1.03268E-1 4.68061E-14 1.62477E-3
60.4 0.0520 3162 1.19323E-11 4.51448E-2 2.01371E-13 1.17054E-2
60.4 0.0530 10000 1.14965E-11 2.19789E-2 6.36976E-14 6.05767E-3
60.4 0.0530 31623 1.14793E-11 1.21093E-2 1.53773E-14 7.68799E-4
60.4 0.0520 100000 1.15356E-11 2.20596E-2 2.51865E-15 1.98277E-4
60.4 0.0520 316228 1.13907E-11 3.75443E-2 1.07509E-14 1.24922E-3
60.4 0.0530 1E6 1.50799E-11 1.17759E-1 3.48776E-15 3.38125E-4
62.4 0.0550 1000 1.25448E-11 1.01864E-1 3.30028E-14 3.01699E-3
62.4 0.0520 3162 1.15799E-11 6.53442E-2 1.63672E-13 1.22870E-2
62.4 0.0540 10000 1.13675E-11 1.78732E-2 6.83845E-14 4.53822E-3
62.4 0.0530 31623 1.13325E-11 1.16804E-2 6.88941E-15 1.28113E-3
62.4 0.0520 100000 1.13924E-11 2.14702E-2 2.51279E-15 2.58083E-4
62.4 0.0540 316228 1.12443E-11 3.60908E-2 1.04587E-14 2.37313E-3
62.4 0.0550 1E6 1.48999E-11 1.14471E-1 1.75317E-15 2.12984E-4
64.5 0.0550 1000 1.23940E-11 1.01445E-1 2.08964E-14 1.87183E-3
64.5 0.0540 3162 1.17100E-11 3.98932E-2 1.32778E-13 1.35935E-2
64.5 0.0550 10000 1.12101E-11 2.52946E-2 6.72232E-14 3.80297E-3
64.5 0.0550 31623 1.11867E-11 1.13899E-2 1.08093E-14 8.06948E-4
64.5 0.0550 100000 1.12469E-11 2.16843E-2 2.65707E-15 1.22788E-4
64.5 0.0550 316228 1.11099E-11 3.59027E-2 7.35475E-15 7.64643E-4
64.5 0.0530 1E6 1.47113E-11 1.12647E-1 2.66271E-15 2.55432E-4
66.7 0.0570 1000 1.22549E-11 1.01387E-1 2.39817E-14 2.60206E-3
66.7 0.0550 3162 1.12348E-11 6.35363E-2 7.83064E-14 1.16111E-2
66.7 0.0540 10000 1.10366E-11 2.38681E-2 3.99863E-14 5.34425E-3
66.7 0.0560 31623 1.10580E-11 1.15894E-2 1.26680E-14 1.26306E-3
66.7 0.0550 100000 1.11050E-11 2.15523E-2 2.29976E-15 1.61431E-4
66.7 0.0540 316228 1.09646E-11 3.58537E-2 1.44223E-14 1.50562E-3
66.7 0.0540 1E6 1.45257E-11 1.10939E-1 4.87869E-15 1.51421E-4
69.0 0.0550 1000 1.21700E-11 9.96624E-2 2.08381E-14 1.52337E-3
69.0 0.0560 3162 1.13979E-11 7.30498E-2 1.48012E-13 9.64535E-3
69.0 0.0550 10000 1.09322E-11 2.78375E-2 5.92774E-14 3.38077E-3
69.0 0.0550 31623 1.09152E-11 1.17278E-2 1.27022E-14 1.18629E-3
69.0 0.0570 100000 1.09636E-11 2.15614E-2 1.69673E-15 1.55098E-4
69.0 0.0560 316228 1.08263E-11 3.41011E-2 2.01856E-14 2.22476E-3
69.0 0.0560 1E6 1.43466E-11 1.09459E-1 3.95758E-15 2.58666E-4
71.3 0.0580 1000 1.20393E-11 9.79391E-2 2.58573E-14 2.25641E-3
71.3 0.0570 3162 1.12853E-11 3.76277E-2 1.57473E-13 4.21523E-3
71.3 0.0570 10000 1.08649E-11 2.06554E-2 5.02784E-14 4.66373E-3
71.3 0.0550 31623 1.07798E-11 1.26271E-2 1.72776E-14 1.02567E-3
71.2 0.0580 100000 1.08265E-11 2.13343E-2 1.50453E-15 1.13840E-4
71.3 0.0570 316228 1.06958E-11 3.37960E-2 9.42395E-15 9.36397E-4
71.2 0.0570 1E6 1.41660E-11 1.07982E-1 3.08972E-15 2.03113E-4
73.7 0.0580 1000 1.18997E-11 9.75879E-2 2.80304E-14 2.41904E-3
73.7 0.0570 3162 1.09184E-11 6.98631E-2 1.35347E-13 1.25139E-2
73.7 0.0590 10000 1.06441E-11 2.29790E-2 3.47013E-14 5.80885E-3
73.7 0.0560 31623 1.06476E-11 1.21192E-2 1.78080E-14 7.27969E-4
73.7 0.0570 100000 1.06955E-11 2.10297E-2 2.04460E-15 1.74353E-4
73.7 0.0580 316228 1.05536E-11 3.33357E-2 1.91523E-14 1.29103E-3
73.7 0.0580 1E6 1.39948E-11 1.06324E-1 4.19344E-15 9.66014E-5
76.1 0.0580 1000 1.17698E-11 9.66497E-2 3.16939E-14 2.33098E-3
76.1 0.0570 3162 1.09607E-11 3.77535E-2 1.39930E-13 3.26449E-3
76.1 0.0590 10000 1.06148E-11 2.81126E-2 5.17936E-14 4.10034E-3
76.1 0.0570 31623 1.05274E-11 1.17974E-2 1.04884E-14 8.87955E-4
76.1 0.0570 100000 1.05732E-11 2.11886E-2 2.73284E-15 1.92347E-4
76.1 0.0580 316228 1.04349E-11 3.30105E-2 2.04290E-14 1.94727E-3
76.1 0.0600 1E6 1.38298E-11 1.04965E-1 2.37447E-15 2.86962E-4
78.7 0.0610 1000 1.16699E-11 9.35431E-2 2.90567E-14 2.52871E-3
78.7 0.0570 3162 1.09705E-11 7.58814E-2 4.54975E-14 9.34399E-3
78.7 0.0600 10000 1.04397E-11 3.16450E-2 1.68679E-14 1.64339E-3
78.7 0.0580 31623 1.04194E-11 1.24814E-2 1.57400E-14 1.01630E-3
78.7 0.0600 100000 1.04635E-11 2.10124E-2 2.42907E-15 2.05496E-4
78.7 0.0560 316228 1.03286E-11 3.20200E-2 1.79917E-14 1.02195E-3
78.7 0.0600 1E6 1.36953E-11 1.01114E-1 3.06824E-15 3.18767E-4
81.3 0.0600 1000 1.15795E-11 9.38463E-2 2.84786E-14 2.52917E-3
81.3 0.0580 3162 1.09798E-11 6.35740E-2 6.29617E-14 1.72046E-2
81.3 0.0590 10000 1.04515E-11 2.73426E-2 2.90835E-14 4.61649E-3
81.3 0.0620 31623 1.03326E-11 1.22169E-2 1.18911E-14 1.33788E-3
81.3 0.0600 100000 1.03770E-11 2.08413E-2 2.12850E-15 2.05021E-4
81.3 0.0590 316228 1.02419E-11 3.16414E-2 1.70520E-14 1.43955E-3
81.3 0.0580 1E6 1.35726E-11 9.92968E-2 2.90911E-15 2.46746E-4
84.1 0.0600 1000 1.15023E-11 9.23081E-2 2.67673E-14 1.94213E-3
84.1 0.0600 3162 1.08730E-11 3.85988E-2 6.26036E-14 4.39784E-3
84.0 0.0610 10000 1.02435E-11 2.44125E-2 2.74493E-14 3.90890E-3
84.0 0.0640 31623 1.02686E-11 1.22080E-2 1.27387E-14 1.55935E-3
84.0 0.0600 100000 1.03150E-11 2.08926E-2 2.58312E-15 2.13941E-4
84.0 0.0600 316228 1.01810E-11 3.25682E-2 1.76206E-14 1.95248E-3
84.0 0.0600 1E6 1.34825E-11 9.86017E-2 2.97516E-15 3.71609E-4
86.9 0.0610 1000 1.14567E-11 9.19425E-2 2.93765E-14 2.49134E-3
86.9 0.0600 3162 1.04536E-11 5.52705E-2 4.57885E-14 1.89534E-2
86.9 0.0590 10000 1.02124E-11 2.28971E-2 3.00500E-14 6.09010E-3
86.9 0.0610 31623 1.02287E-11 1.27484E-2 1.33449E-14 1.20023E-3
86.9 0.0610 100000 1.02701E-11 2.10241E-2 3.02457E-15 1.98979E-4
86.9 0.0580 316228 1.01335E-11 3.12963E-2 9.92839E-15 1.48494E-3
86.9 0.0610 1E6 1.34085E-11 9.84589E-2 3.23636E-15 2.55961E-4
89.8 0.0580 1000 1.13962E-11 9.18135E-2 2.71900E-14 2.29485E-3
89.8 0.0610 3162 1.07936E-11 3.55487E-2 6.09920E-14 5.80114E-3
89.8 0.0600 10000 1.03089E-11 1.94702E-2 2.75874E-14 3.65409E-3
89.8 0.0620 31623 1.02072E-11 1.20626E-2 1.06803E-14 1.15186E-3
89.8 0.0600 100000 1.02403E-11 2.14578E-2 1.59966E-15 2.61929E-4
89.8 0.0600 316228 1.00966E-11 3.20383E-2 1.90007E-14 1.67545E-3
89.8 0.0610 1E6 1.33534E-11 9.84536E-2 3.48030E-15 2.05473E-4
92.8 0.0620 1000 1.14015E-11 9.12688E-2 2.35915E-14 2.04367E-3
92.8 0.0600 3162 1.04850E-11 7.19325E-2 6.61863E-14 1.12093E-2
92.8 0.0600 10000 1.01499E-11 2.74720E-2 2.46806E-14 4.10738E-3
92.8 0.0610 31623 1.01807E-11 1.28607E-2 1.43419E-14 8.37348E-4
92.8 0.0620 100000 1.02168E-11 2.16616E-2 1.83401E-15 1.42696E-4
92.8 0.0620 316228 1.00760E-11 3.36527E-2 9.47285E-15 1.41194E-3
92.8 0.0600 1E6 1.32918E-11 9.79335E-2 3.51078E-15 2.93118E-4
95.9 0.0620 1000 1.13831E-11 9.01886E-2 1.85040E-14 2.10525E-3
95.9 0.0610 3162 1.05519E-11 7.93998E-2 6.22064E-14 8.76814E-3
95.9 0.0640 10000 1.01551E-11 3.00898E-2 2.75291E-14 3.66156E-3
95.9 0.0610 31623 1.01567E-11 1.29268E-2 1.14635E-14 1.02563E-3
95.9 0.0610 100000 1.01976E-11 2.23907E-2 9.62081E-16 1.43256E-4
95.9 0.0620 316228 1.00298E-11 3.46047E-2 1.43674E-14 9.88618E-4
95.9 0.0620 1E6 1.32239E-11 9.88706E-2 3.41122E-15 2.38647E-4
99.1 0.0600 1000 1.13584E-11 9.03835E-2 3.07395E-14 2.00089E-3
99.1 0.0630 3162 1.04944E-11 3.92891E-2 4.63277E-14 2.35728E-3
99.1 0.0630 10000 1.01359E-11 2.22987E-2 2.97601E-14 3.76730E-3
99.1 0.0630 31623 1.01490E-11 1.37952E-2 1.47892E-14 1.00742E-3
99.1 0.0630 100000 1.01798E-11 2.33945E-2 1.96471E-15 1.48348E-4
99.1 0.0650 316228 1.00068E-11 3.64110E-2 1.32209E-14 1.68659E-3
99.1 0.0640 1E6 1.31390E-11 9.81416E-2 3.83541E-15 3.26095E-4
102.5 0.0630 1000 1.14081E-11 8.90552E-2 2.74369E-14 2.21517E-3
102.5 0.0640 3162 1.04548E-11 4.11261E-2 6.00300E-14 5.22917E-3
102.5 0.0600 10000 1.01688E-11 3.40794E-2 3.83864E-14 2.15036E-3
102.5 0.0620 31623 1.01424E-11 1.44498E-2 1.15862E-14 9.84919E-4
102.5 0.0640 100000 1.01596E-11 2.60574E-2 1.64101E-15 1.64703E-4
102.5 0.0630 316228 9.94963E-12 4.03841E-2 1.07448E-14 1.46937E-3
102.5 0.0620 1E6 1.30192E-11 9.57757E-2 2.15836E-15 3.17585E-4
105.9 0.0410 1000 1.13513E-11 8.79915E-2 2.09718E-14 1.57493E-3
105.9 0.0610 3162 1.06124E-11 8.54021E-2 1.77960E-14 1.13788E-3
105.9 0.0630 10000 1.02135E-11 3.32615E-2 2.09463E-14 2.24655E-3
105.9 0.0640 31623 1.01235E-11 1.67966E-2 9.54656E-15 9.13686E-4
105.9 0.0650 100000 1.01147E-11 3.16798E-2 2.93532E-15 2.17694E-4
105.9 0.0630 316228 9.80617E-12 4.43066E-2 1.51305E-14 1.40037E-3
105.9 0.0610 1E6 1.29082E-11 8.55480E-2 3.48563E-15 2.09154E-4
109.5 0.0650 1000 1.13539E-11 8.95338E-2 2.46558E-14 2.07880E-3
109.5 0.0630 3162 1.04877E-11 8.46266E-2 6.94097E-14 3.67592E-3
109.5 0.0620 10000 1.02373E-11 2.45454E-2 2.09724E-14 2.89828E-3
109.5 0.0630 31623 1.00854E-11 2.33685E-2 1.09366E-14 1.25055E-3
109.5 0.0650 100000 9.95156E-12 4.15361E-2 1.79405E-15 2.35531E-4
109.5 0.0640 316228 9.61177E-12 3.54254E-2 1.30306E-14 8.17185E-4
109.5 0.0630 1E6 1.28487E-11 7.23540E-2 3.15926E-15 2.02876E-4
113.2 0.0610 1000 1.13265E-11 9.35735E-2 9.97605E-15 3.90671E-4
113.2 0.0640 3162 1.08172E-11 6.84217E-2 2.30411E-14 8.93540E-3
113.2 0.0630 10000 1.01402E-11 2.72978E-2 1.29679E-14 1.74900E-3
113.1 0.0640 31623 9.92801E-12 3.54860E-2 1.01396E-14 1.14771E-3
113.1 0.0630 100000 9.69100E-12 3.62222E-2 2.68664E-15 1.92270E-4
113.2 0.0650 316228 9.53838E-12 2.22976E-2 1.67733E-14 1.10372E-3
113.1 0.0630 1E6 1.28279E-11 6.55553E-2 3.27177E-15 2.72270E-4
116.9 0.0640 1000 1.12990E-11 9.43506E-2 2.89096E-14 2.19084E-3
117.0 0.0640 3162 1.06806E-11 4.78126E-2 7.27126E-14 1.09663E-2
117.0 0.0630 10000 9.98849E-12 5.42365E-2 5.21062E-14 2.25564E-3
117.0 0.0620 31623 9.67733E-12 3.39870E-2 1.68156E-14 1.09067E-3
117.0 0.0640 100000 9.59640E-12 2.36485E-2 2.22047E-15 2.13953E-4
117.0 0.0640 316228 9.51205E-12 1.70741E-2 1.46601E-14 1.37918E-3
117.0 0.0630 1E6 1.28116E-11 6.25065E-2 2.40998E-15 2.18054E-4
120.9 0.0630 1000 1.11421E-11 1.01109E-1 3.45492E-14 2.98092E-3
120.9 0.0620 3162 1.03224E-11 9.99564E-2 1.01421E-13 1.42867E-3
120.9 0.0640 10000 9.73151E-12 3.72185E-2 5.60065E-14 3.03379E-3
120.9 0.0640 31623 9.54659E-12 2.08373E-2 8.00353E-15 5.72894E-4
120.9 0.0660 100000 9.57346E-12 1.67076E-2 2.41081E-15 1.99535E-4
120.9 0.0660 316228 9.50322E-12 1.42729E-2 1.46744E-14 1.36747E-3
120.9 0.0660 1E6 1.28042E-11 6.11941E-2 3.53469E-15 2.49038E-4
124.9 0.0660 1000 1.08473E-11 1.04846E-1 3.40744E-14 2.79491E-3
124.9 0.0640 3162 1.01693E-11 8.97292E-2 1.36736E-13 5.89451E-3
124.9 0.0660 10000 9.61529E-12 2.39648E-2 4.15586E-14 2.61513E-3
124.9 0.0640 31623 9.51958E-12 1.27574E-2 1.21689E-14 1.42366E-3
124.9 0.0630 100000 9.56264E-12 1.42609E-2 2.59735E-15 1.48453E-4
124.9 0.0650 316228 9.49567E-12 1.39612E-2 2.10581E-14 1.78995E-3
124.9 0.0670 1E6 1.27931E-11 6.09418E-2 4.39487E-15 2.43268E-4
129.1 0.0630 1000 1.07357E-11 1.00777E-1 2.94354E-14 3.10762E-3
129.1 0.0660 3162 1.00412E-11 4.14221E-2 1.51936E-13 6.14796E-3
129.1 0.0630 10000 9.61598E-12 3.44643E-2 4.33512E-14 4.84949E-3
129.1 0.0670 31623 9.51615E-12 1.19537E-2 1.30062E-14 1.94065E-3
129.1 0.0630 100000 9.55231E-12 1.39444E-2 1.55520E-15 1.99267E-4
129.1 0.0670 316228 9.47027E-12 1.36657E-2 1.21763E-14 1.62985E-3
129.1 0.0650 1E6 1.27834E-11 6.10503E-2 2.13063E-15 1.27293E-4
133.5 0.0670 1000 1.07183E-11 9.97395E-2 3.54506E-14 2.31459E-3
133.5 0.0650 3162 1.02091E-11 6.34549E-2 6.39506E-14 1.94776E-2
133.5 0.0660 10000 9.60287E-12 3.14418E-2 5.40553E-14 5.63888E-3
133.5 0.0650 31623 9.50572E-12 1.24163E-2 8.33496E-15 7.47155E-4
133.5 0.0660 100000 9.54534E-12 1.39488E-2 2.90109E-15 3.21359E-4
133.5 0.0680 316228 9.47452E-12 1.28589E-2 2.00955E-14 1.66402E-3
133.5 0.0660 1E6 1.27768E-11 6.05368E-2 3.86224E-15 2.77031E-4
138.0 0.0650 1000 1.06810E-11 9.91961E-2 3.22380E-14 3.00107E-3
138.0 0.0650 3162 1.00609E-11 7.77803E-2 1.35665E-13 1.45952E-2
138.0 0.0640 10000 9.55816E-12 1.98953E-2 5.00761E-14 3.03838E-3
138.0 0.0680 31623 9.50214E-12 1.19049E-2 9.09187E-15 1.20271E-3
138.0 0.0660 100000 9.53999E-12 1.41968E-2 2.14473E-15 3.03343E-4
137.9 0.0650 316228 9.46916E-12 1.49202E-2 1.30519E-14 1.30509E-3
138.0 0.0660 1E6 1.27603E-11 6.47253E-2 2.48010E-15 3.65292E-4
142.6 0.0660 1000 1.06635E-11 9.80546E-2 3.71659E-14 2.98856E-3
142.6 0.0660 3162 1.01168E-11 8.03975E-2 1.04018E-13 9.97845E-3
142.6 0.0660 10000 9.47509E-12 2.57955E-2 3.60922E-14 6.78764E-3
142.6 0.0670 31623 9.49854E-12 1.06456E-2 1.58716E-14 1.13414E-3
142.6 0.0680 100000 9.53436E-12 1.44071E-2 1.69580E-15 1.49223E-4
142.6 0.0680 316228 9.46474E-12 1.59164E-2 1.30696E-14 1.77889E-3
142.6 0.0660 1E6 1.27442E-11 6.73513E-2 3.05346E-15 2.71895E-4
147.4 0.0660 1000 1.06507E-11 9.66931E-2 3.18320E-14 3.30761E-3
147.4 0.0670 3162 9.81363E-12 4.12711E-2 1.10701E-13 1.03263E-2
147.4 0.0660 10000 9.58163E-12 2.24628E-2 5.10102E-14 4.27470E-3
147.4 0.0660 31623 9.48757E-12 1.17291E-2 1.47739E-14 9.50583E-4
147.4 0.0650 100000 9.52765E-12 1.47303E-2 2.10382E-15 2.45047E-4
147.4 0.0650 316228 9.45656E-12 1.67714E-2 1.73189E-14 2.07954E-3
147.4 0.0680 1E6 1.27317E-11 7.16447E-2 3.28099E-15 4.33661E-4
152.3 0.0660 1000 1.06504E-11 9.69416E-2 3.52392E-14 3.09649E-3
152.3 0.0680 3162 9.96553E-12 3.91828E-2 2.09964E-13 1.12449E-2
152.3 0.0650 10000 9.59325E-12 2.49201E-2 5.21021E-14 5.46624E-3
152.3 0.0650 31623 9.48232E-12 1.20983E-2 9.65401E-15 1.55228E-3
152.3 0.0670 100000 9.52460E-12 1.50845E-2 2.61043E-15 3.61254E-4
152.3 0.0660 316228 9.44998E-12 1.73338E-2 1.47467E-14 1.32268E-3
152.3 0.0670 1E6 1.27186E-11 7.41421E-2 2.08636E-15 2.47588E-4
157.4 0.0670 1000 1.06678E-11 9.81060E-2 3.63119E-14 2.78522E-3
157.4 0.0660 3162 9.84835E-12 6.74426E-2 1.50605E-13 1.98864E-2
157.4 0.0670 10000 9.50255E-12 2.81295E-2 4.90447E-14 7.76193E-3
157.4 0.0670 31623 9.47746E-12 1.16274E-2 1.41756E-14 1.42666E-3
157.4 0.0690 100000 9.51883E-12 1.52855E-2 2.12295E-15 3.05851E-4
157.4 0.0650 316228 9.45252E-12 1.83869E-2 1.97951E-14 2.01200E-3
157.4 0.0650 1E6 1.27113E-11 7.45298E-2 3.56776E-15 2.67398E-4
162.7 0.0670 1000 1.06698E-11 9.76794E-2 2.56301E-14 3.66200E-3
162.7 0.0670 3162 1.00030E-11 3.83591E-2 1.77770E-13 5.68210E-3
162.7 0.0680 10000 9.55272E-12 3.50297E-2 6.19392E-14 4.85446E-3
162.7 0.0680 31623 9.46749E-12 1.25938E-2 6.23515E-15 1.29577E-3
162.8 0.0680 100000 9.51466E-12 1.52273E-2 1.59693E-15 2.01652E-4
162.7 0.0670 316228 9.45581E-12 1.79032E-2 1.52776E-14 1.30730E-3
162.7 0.0670 1E6 1.27090E-11 7.51413E-2 3.27597E-15 2.52039E-4
168.2 0.0690 1000 1.06682E-11 9.86960E-2 4.16791E-14 2.85234E-3
168.2 0.0670 3162 9.94264E-12 8.02710E-2 1.67268E-13 1.11601E-2
168.2 0.0660 10000 9.46610E-12 2.74440E-2 3.71815E-14 6.02608E-3
168.2 0.0660 31623 9.47814E-12 1.22562E-2 1.42031E-14 9.36885E-4
168.2 0.0670 100000 9.51087E-12 1.53629E-2 2.13334E-15 2.13360E-4
168.2 0.0670 316228 9.43939E-12 1.84111E-2 1.62082E-14 1.30398E-3
168.2 0.0660 1E6 1.26956E-11 7.59899E-2 4.00556E-15 3.56998E-4
173.9 0.0680 1000 1.06655E-11 9.94738E-2 3.05991E-14 2.76565E-3
173.9 0.0700 3162 1.01841E-11 7.11928E-2 7.40444E-14 1.24283E-2
173.9 0.0670 10000 9.56996E-12 2.05237E-2 1.20976E-14 1.54149E-3
173.9 0.0680 31623 9.47292E-12 1.23350E-2 9.40396E-15 7.85752E-4
173.9 0.0690 100000 9.50744E-12 1.53953E-2 3.03426E-15 2.03621E-4
173.9 0.0690 316228 9.45051E-12 1.84801E-2 1.61467E-14 1.93707E-3
173.9 0.0680 1E6 1.26941E-11 7.62319E-2 3.12412E-15 1.81793E-4
179.7 0.0680 1000 1.06831E-11 1.02545E-1 1.88907E-14 1.12345E-3
179.7 0.0690 3162 9.96734E-12 8.75947E-2 3.03658E-14 6.58115E-3
179.7 0.0670 10000 9.60583E-12 2.81916E-2 2.13129E-14 2.36538E-3
179.7 0.0680 31623 9.46525E-12 1.26191E-2 1.35875E-14 1.44312E-3
179.7 0.0680 100000 9.50408E-12 1.53048E-2 1.96107E-15 1.91675E-4
179.7 0.0670 316228 9.43635E-12 1.81354E-2 1.73559E-14 1.27813E-3
179.7 0.0690 1E6 1.26894E-11 7.59727E-2 4.10117E-15 1.99518E-4
185.7 0.0700 1000 1.06865E-11 9.91474E-2 2.71255E-14 3.07915E-3
185.7 0.0670 3162 1.01998E-11 7.54305E-2 2.37809E-14 1.07983E-2
185.7 0.0690 10000 9.61088E-12 2.82727E-2 2.46002E-14 2.45605E-3
185.7 0.0680 31623 9.45797E-12 1.13576E-2 7.07018E-15 1.84506E-3
185.7 0.0700 100000 9.50013E-12 1.54180E-2 1.91777E-15 3.15296E-4
185.7 0.0710 316228 9.43832E-12 1.77862E-2 1.12319E-14 1.75946E-3
185.7 0.0680 1E6 1.26854E-11 7.64513E-2 1.68656E-15 3.11795E-4
191.9 0.0670 1000 1.06519E-11 9.55623E-2 4.25019E-15 5.91235E-4
191.9 0.0700 3162 1.02244E-11 4.12928E-2 2.18518E-14 7.18332E-3
191.9 0.0700 10000 9.49886E-12 2.14952E-2 2.96534E-14 2.68916E-3
191.9 0.0700 31623 9.46452E-12 1.30530E-2 9.01720E-15 5.38039E-4
191.9 0.0710 100000 9.49826E-12 1.54091E-2 1.54645E-15 2.92680E-4
191.9 0.0690 316228 9.43510E-12 1.84647E-2 7.66800E-15 1.44206E-3
191.9 0.0690 1E6 1.26819E-11 7.53703E-2 3.93966E-15 2.39304E-4
198.4 0.0700 1000 1.06504E-11 1.00027E-1 3.05249E-14 2.11717E-3
198.4 0.0710 3162 1.01104E-11 8.00483E-2 6.50726E-14 1.05910E-2
198.4 0.0700 10000 9.61764E-12 2.55336E-2 1.52565E-14 2.11921E-3
198.4 0.0710 31623 9.45623E-12 1.24246E-2 1.27302E-14 1.36908E-3
198.4 0.0680 100000 9.49614E-12 1.55284E-2 3.06230E-15 2.88043E-4
198.4 0.0710 316228 9.43416E-12 1.74583E-2 1.54031E-14 1.41101E-3
198.4 0.0700 1E6 1.26783E-11 7.49906E-2 3.19568E-15 3.12388E-4
205.0 0.0700 1000 1.06922E-11 9.66317E-2 1.16259E-14 1.98848E-3
205.0 0.0700 3162 9.90909E-12 3.46208E-2 2.16985E-14 1.59416E-3
205.0 0.0700 10000 9.44035E-12 2.78693E-2 2.70001E-14 3.27807E-3
205.1 0.0670 31623 9.45305E-12 1.20467E-2 1.84438E-14 1.22679E-3
205.1 0.0700 100000 9.49372E-12 1.54132E-2 2.34951E-15 2.80162E-4
205.0 0.0720 316228 9.42793E-12 1.77458E-2 2.14090E-14 1.98312E-3
205.1 0.0710 1E6 1.26759E-11 7.52991E-2 2.85323E-15 2.21039E-4
212.0 0.0690 1000 1.06555E-11 9.81172E-2 3.17625E-14 2.94714E-3
211.9 0.0720 3162 1.01584E-11 3.65246E-2 1.10672E-13 7.10554E-3
212.0 0.0720 10000 9.52482E-12 3.84045E-2 4.62547E-14 2.80473E-3
212.0 0.0720 31623 9.44645E-12 1.24640E-2 1.01398E-14 1.51408E-3
211.9 0.0710 100000 9.49109E-12 1.53943E-2 1.27428E-15 2.60716E-4
212.0 0.0710 316228 9.41604E-12 1.84142E-2 1.50248E-14 5.19696E-4
211.9 0.0730 1E6 1.26668E-11 7.60721E-2 2.90386E-15 3.65598E-4
219.1 0.0710 1000 1.06925E-11 9.66219E-2 1.05533E-14 2.24988E-3
219.1 0.0700 3162 9.72631E-12 6.51805E-2 3.30453E-14 1.52080E-2
219.0 0.0720 10000 9.60764E-12 3.05411E-2 2.24363E-14 3.10373E-3
219.0 0.0710 31623 9.45368E-12 1.24630E-2 1.38194E-14 1.50195E-3
219.1 0.0700 100000 9.48762E-12 1.55870E-2 1.67942E-15 2.46753E-4
219.1 0.0700 316228 9.42274E-12 1.75594E-2 1.76191E-14 1.73829E-3
219.1 0.0750 1E6 1.26696E-11 7.53457E-2 2.83988E-15 2.84934E-4
226.4 0.0730 1000 1.06638E-11 9.76709E-2 3.26985E-14 3.21524E-3
226.4 0.0720 3162 1.01857E-11 7.17156E-2 5.69647E-14 1.31486E-2
226.4 0.0720 10000 9.51217E-12 2.23248E-2 3.75397E-14 2.58216E-3
226.4 0.0700 31623 9.44408E-12 1.28249E-2 1.40159E-14 1.40141E-3
226.4 0.0730 100000 9.48561E-12 1.53394E-2 1.90211E-15 1.09436E-4
226.4 0.0720 316228 9.41245E-12 1.85148E-2 1.74890E-14 1.47552E-3
226.4 0.0730 1E6 1.26680E-11 7.51834E-2 4.58110E-15 4.91398E-4
234.0 0.0720 1000 1.06706E-11 9.74223E-2 3.96208E-14 3.23358E-3
234.0 0.0720 3162 1.02589E-11 5.11257E-2 3.05375E-14 1.09010E-2
234.0 0.0720 10000 9.43378E-12 3.47341E-2 2.68978E-14 2.63726E-3
234.0 0.0710 31623 9.44993E-12 1.29030E-2 1.20538E-14 1.86339E-3
234.0 0.0730 100000 9.48242E-12 1.55671E-2 2.44684E-15 1.66548E-4
234.0 0.0730 316228 9.41294E-12 1.79453E-2 1.74443E-14 1.38744E-3
234.0 0.0720 1E6 1.26615E-11 7.64656E-2 4.06664E-15 2.39825E-4
241.9 0.0750 1000 1.06572E-11 9.77305E-2 3.37781E-14 3.37473E-3
241.9 0.0740 3162 9.71444E-12 6.30408E-2 2.04909E-14 8.39824E-3
241.9 0.0720 10000 9.45028E-12 3.79571E-2 2.09846E-14 1.65045E-3
241.9 0.0700 31623 9.44230E-12 1.29214E-2 1.37667E-14 8.62829E-4
241.9 0.0730 100000 9.48208E-12 1.56055E-2 2.59628E-15 1.37086E-4
241.9 0.0720 316228 9.41122E-12 1.86924E-2 1.49181E-14 1.27715E-3
241.9 0.0730 1E6 1.26593E-11 7.68371E-2 4.86971E-15 2.85332E-4
250.0 0.0740 1000 1.06462E-11 9.63140E-2 2.32188E-14 3.06156E-3
250.0 0.0740 3162 9.90331E-12 3.25063E-2 6.78020E-14 8.26880E-3
250.0 0.0740 10000 9.58411E-12 3.66372E-2 2.33336E-14 3.76081E-3
250.0 0.0740 31623 9.44700E-12 1.36702E-2 1.30140E-14 1.17025E-3
250.0 0.0730 100000 9.47919E-12 1.57663E-2 1.32362E-15 1.63735E-4
250.0 0.0700 316228 9.40972E-12 1.90836E-2 1.64144E-14 1.70682E-3
250.0 0.0730 1E6 1.26524E-11 7.75889E-2 3.14434E-15 3.42975E-4
#voltage[V] current[uA] LCR_freq[Hz] CP D CPerror Derror 
255.0 0.0740 1000 1.06745E-11 9.60844E-2 3.26275E-14 2.55099E-3
255.0 0.0730 3162 1.02329E-11 7.08441E-2 1.36646E-14 1.06259E-2
255.0 0.0750 10000 9.49684E-12 2.18319E-2 1.85752E-14 2.91876E-3
255.0 0.0750 31623 9.44578E-12 1.26281E-2 9.97073E-15 1.06986E-3
255.0 0.0730 100000 9.47986E-12 1.77867E-2 1.46672E-15 2.39996E-4
255.0 0.0740 316228 9.40703E-12 2.58878E-2 7.78986E-15 1.61801E-3
255.0 0.0730 1E6 1.25978E-11 1.01747E-1 2.22899E-15 1.96460E-4
265.4 0.0750 1000 1.06617E-11 9.17942E-2 7.51010E-15 4.66902E-4
265.4 0.0730 3162 9.90104E-12 8.77775E-2 2.40697E-14 4.06248E-3
265.4 0.0710 10000 9.59799E-12 2.89272E-2 2.31631E-14 2.91967E-3
265.4 0.0710 31623 9.43607E-12 1.34580E-2 1.22889E-14 1.01049E-3
265.4 0.0740 100000 9.47662E-12 1.86704E-2 1.97056E-15 2.52674E-4
265.3 0.0750 316228 9.40302E-12 2.87071E-2 1.16978E-14 1.04261E-3
265.4 0.0760 1E6 1.25711E-11 1.10878E-1 3.46157E-15 2.55886E-4
275.7 0.0760 1000 1.06819E-11 9.55336E-2 2.97399E-14 2.81310E-3
275.7 0.0720 3162 9.96234E-12 8.42503E-2 1.04404E-13 1.00583E-2
275.7 0.0720 10000 9.46205E-12 2.42397E-2 3.83399E-14 3.51054E-3
275.7 0.0750 31623 9.43836E-12 1.44416E-2 1.18249E-14 1.02430E-3
275.7 0.0740 100000 9.47316E-12 1.88932E-2 2.30772E-15 2.33182E-4
275.7 0.0740 316228 9.39317E-12 2.95332E-2 1.63460E-14 1.90869E-3
275.7 0.0720 1E6 1.25627E-11 1.12204E-1 4.08554E-15 3.40680E-4
286.1 0.0730 1000 1.06757E-11 9.57216E-2 3.09956E-14 3.03265E-3
286.1 0.0740 3162 9.71954E-12 5.63263E-2 3.03376E-14 1.86213E-2
286.1 0.0760 10000 9.52683E-12 4.07764E-2 4.23290E-14 2.48554E-3
286.1 0.0750 31623 9.43405E-12 1.40834E-2 1.39095E-14 1.63954E-3
286.1 0.0740 100000 9.47012E-12 1.89431E-2 2.07425E-15 2.21473E-4
286.1 0.0740 316228 9.39950E-12 2.89162E-2 2.44871E-14 2.57146E-3
286.1 0.0760 1E6 1.25538E-11 1.13550E-1 5.34417E-15 3.50263E-4
296.4 0.0760 1000 1.06742E-11 9.52610E-2 3.21016E-14 2.89197E-3
296.4 0.0730 3162 9.74380E-12 6.92655E-2 8.78883E-14 1.74922E-2
296.4 0.0740 10000 9.57549E-12 3.75813E-2 3.32469E-14 3.88662E-3
296.4 0.0750 31623 9.43432E-12 1.45843E-2 1.23934E-14 1.62887E-3
296.4 0.0750 100000 9.46853E-12 1.91472E-2 1.71673E-15 2.01925E-4
296.4 0.0750 316228 9.39678E-12 2.85389E-2 1.41348E-14 1.30970E-3
296.4 0.0750 1E6 1.25476E-11 1.14784E-1 3.40887E-15 4.21941E-4
306.8 0.0760 1000 1.06779E-11 9.49901E-2 3.05158E-14 3.13296E-3
306.8 0.0740 3162 9.73344E-12 6.77475E-2 6.55425E-14 1.73057E-2
306.8 0.0780 10000 9.59112E-12 3.12985E-2 2.45529E-14 4.04387E-3
306.8 0.0760 31623 9.42391E-12 1.45171E-2 1.89338E-14 1.06339E-3
306.8 0.0770 100000 9.46534E-12 1.91475E-2 3.12151E-15 1.63754E-4
306.8 0.0750 316228 9.38971E-12 2.83784E-2 9.30952E-15 1.18060E-3
306.8 0.0780 1E6 1.25504E-11 1.13234E-1 2.42644E-15 3.16641E-4
317.1 0.0760 1000 1.06643E-11 9.44359E-2 3.05327E-14 2.96759E-3
317.1 0.0750 3162 9.96206E-12 8.39936E-2 1.27989E-13 5.33473E-3
317.1 0.0770 10000 9.49236E-12 2.30941E-2 5.09780E-14 3.48812E-3
317.1 0.0770 31623 9.43169E-12 1.42128E-2 8.78507E-15 1.37978E-3
317.1 0.0760 100000 9.46329E-12 1.89929E-2 1.45932E-15 2.09026E-4
317.1 0.0770 316228 9.38596E-12 2.92841E-2 1.35257E-14 1.25205E-3
317.1 0.0750 1E6 1.25461E-11 1.12453E-1 2.82037E-15 3.19822E-4
327.5 0.0760 1000 1.06660E-11 9.43795E-2 2.96607E-14 2.65532E-3
327.5 0.0770 3162 9.98504E-12 3.31905E-2 1.09129E-13 1.68238E-3
327.5 0.0780 10000 9.54531E-12 3.78823E-2 3.67675E-14 3.42378E-3
327.5 0.0760 31623 9.43588E-12 1.46969E-2 1.33582E-14 9.58581E-4
327.5 0.0770 100000 9.46197E-12 1.90284E-2 2.14796E-15 1.50543E-4
327.5 0.0770 316228 9.39398E-12 2.95036E-2 1.37967E-14 2.45664E-3
327.5 0.0780 1E6 1.25419E-11 1.12842E-1 3.30819E-15 3.33569E-4
337.9 0.0790 1000 1.06588E-11 9.43350E-2 4.25302E-14 3.40000E-3
337.9 0.0780 3162 1.02309E-11 5.47587E-2 3.09246E-14 1.68720E-2
337.9 0.0780 10000 9.44167E-12 2.80081E-2 3.64335E-14 4.41646E-3
337.9 0.0800 31623 9.42389E-12 1.46966E-2 1.18666E-14 1.06227E-3
337.9 0.0760 100000 9.46010E-12 1.89908E-2 2.19802E-15 2.35658E-4
337.9 0.0790 316228 9.38167E-12 2.91536E-2 1.56489E-14 1.81805E-3
337.9 0.0780 1E6 1.25500E-11 1.11581E-1 3.47845E-15 3.88977E-4
348.2 0.0780 1000 1.06622E-11 9.44439E-2 3.08959E-14 2.77334E-3
348.2 0.0780 3162 9.71361E-12 5.86158E-2 3.86132E-14 1.74387E-2
348.2 0.0780 10000 9.51100E-12 2.26470E-2 3.16728E-14 2.22674E-3
348.2 0.0780 31623 9.41989E-12 1.47133E-2 1.46464E-14 1.04157E-3
348.2 0.0790 100000 9.45813E-12 1.90229E-2 1.96778E-15 2.12608E-4
348.2 0.0810 316228 9.38824E-12 2.85248E-2 1.31351E-14 1.00197E-3
348.2 0.0770 1E6 1.25461E-11 1.10956E-1 2.22630E-15 2.00117E-4
358.6 0.0770 1000 1.06522E-11 9.43374E-2 3.30211E-14 3.20192E-3
358.6 0.0790 3162 9.81711E-12 7.37183E-2 1.23594E-13 1.31412E-2
358.6 0.0790 10000 9.51921E-12 2.39145E-2 5.09091E-14 3.04362E-3
358.6 0.0790 31623 9.41735E-12 1.46652E-2 1.29583E-14 8.62241E-4
358.6 0.0790 100000 9.45601E-12 1.87273E-2 2.01142E-15 1.74438E-4
358.6 0.0790 316228 9.38315E-12 2.92999E-2 1.24440E-14 1.97306E-3
358.6 0.0780 1E6 1.25451E-11 1.09743E-1 4.87899E-15 3.72459E-4
369.0 0.0820 1000 1.06519E-11 9.38568E-2 3.03693E-14 2.91564E-3
368.9 0.0760 3162 1.01931E-11 7.08350E-2 7.35339E-14 1.51827E-2
368.9 0.0810 10000 9.50237E-12 4.02227E-2 3.50636E-14 2.37750E-3
368.9 0.0780 31623 9.42876E-12 1.49039E-2 1.11280E-14 1.44454E-3
368.9 0.0790 100000 9.45440E-12 1.85753E-2 1.86095E-15 1.33404E-4
368.9 0.0810 316228 9.37985E-12 2.73952E-2 1.55887E-14 1.71889E-3
368.9 0.0780 1E6 1.25525E-11 1.06544E-1 2.00659E-15 2.62075E-4
379.3 0.0790 1000 1.06448E-11 9.32943E-2 3.52768E-14 3.19455E-3
379.3 0.0800 3162 9.76128E-12 3.64901E-2 4.86719E-14 1.34896E-2
379.3 0.0800 10000 9.49122E-12 4.02259E-2 1.79392E-14 1.66849E-3
379.3 0.0810 31623 9.41310E-12 1.43224E-2 6.31690E-15 1.44733E-3
379.3 0.0790 100000 9.45331E-12 1.80494E-2 1.69538E-15 1.82302E-4
379.3 0.0800 316228 9.38305E-12 2.53218E-2 1.59375E-14 1.64149E-3
379.3 0.0810 1E6 1.25692E-11 1.00806E-1 2.32860E-15 2.86455E-4
389.7 0.0820 1000 1.06788E-11 9.21729E-2 3.76252E-13 7.98988E-3
389.6 0.0800 3162 9.75176E-12 7.56820E-2 1.02121E-13 1.14944E-2
389.6 0.0810 10000 9.52746E-12 1.73995E-2 4.87885E-14 3.77014E-3
389.7 0.0810 31623 9.41552E-12 1.22014E-2 1.15148E-14 1.59822E-3
389.7 0.0790 100000 9.44942E-12 1.81898E-2 4.39281E-15 2.86203E-4
389.7 0.0810 316228 9.38666E-12 2.83299E-2 1.84552E-14 1.00269E-3
389.7 0.0800 1E6 1.25126E-11 1.18579E-1 5.65399E-15 1.14170E-3
400.0 0.0840 1000 1.05629E-11 9.95552E-2 1.71937E-13 9.38149E-3
400.0 0.0820 3162 1.01417E-11 3.91864E-2 6.21114E-14 1.60937E-2
400.0 0.0810 10000 9.39950E-12 3.22150E-2 2.69369E-14 4.26957E-3
400.0 0.0790 31623 9.41402E-12 1.34246E-2 1.14044E-14 1.13322E-3
400.0 0.0840 100000 9.44797E-12 1.99150E-2 3.49076E-15 1.64996E-4
400.0 0.0830 316228 9.37592E-12 3.23291E-2 9.35153E-15 1.30452E-3
400.0 0.0820 1E6 1.24959E-11 1.23485E-1 3.77848E-15 5.34931E-4
